32579
17842
17265
20729
10044
22047
4882
6647
12801
2385
14438
25956
13044
24418
21341
4652
7354
13870
9473
31190
30268
27417
29531
4172
4387
15289
10722
22714
14646
17774
26517
3572
6125
852
6819
24761
7401
1658
14846
1993
10432
962
21999
26634
8742
28399
9197
20374
13818
19920
7103
19516
10681
26263
19885
14777
19849
25501
24704
5719
13492
19962
30937
32389
29783
32665
18386
19472
16547
10424
24124
15930
24829
9118
27525
2592
18013
10233
585
2475
30001
26198
6272
31909
20752
3023
26955
15417
26623
6475
9480
25235
12974
24932
32759
26614
31820
5589
24101
23265
158
2768
32575
957
28307
954
15139
4398
7650
2554
7551
8367
20122
3429
32162
10893
8583
19765
21979
20316
13029
4502
6141
27984
11669
7987
24805
3394
5994
15149
7835
23883
32225
21586
22198
909
21667
22153
19745
23714
19194
25909
7585
18851
9528
2753
3506
20104
27957
19957
19422
32314
10232
13085
25418
5981
4529
4240
27795
24390
3033
23165
20500
877
7055
262
28508
6104
7109
10374
6564
28162
31354
5543
11960
27099
10777
27369
838
5242
31248
17737
20615
1867
31359
25288
30837
26897
27648
8269
23377
12342
20531
25169
14109
24864
12392
5834
13699
12170
18939
13917
13328
15873
23872
16277
3027
19403
8970
29171
17320
27581
1062
2371
15281
30067
3084
7506
12494
22909
16277
24403
30174
28691
29285
26355
31000
6622
26730
14473
13502
21466
18525
30115
10674
2732
18193
25026
10211
14694
5124
17942
3739
7464
19201
16580
7037
26116
9333
13595
8029
12018
17556
2054
26720
31585
21863
5847
9596
8819
12540
1278
22032
24151
15470
4125
30277
24943
23385
27569
19462
21936
6402
29046
12069
18976
11026
18159
991
23080
10036
25969
32004
19507
18761
4653
29949
5423
20617
30991
25652
18971
20513
15290
16575
25563
20553
10302
5108
13583
29039
24754
25886
8244
29287
22625
18847
3280
15508
12349
10281
16663
31528
12492
21041
4411
14599
3037
28352
15045
2769
14924
29259
11128
29993
4399
10116
1791
27710
6454
16542
29729
14461
18215
26055
1971
32616
10302
843
26527
13569
30969
11077
24293
16212
16100
6444
7292
14753
31562
17337
17687
27581
30714
24796
3475
28175
14399
21496
24319
26672
11996
9547
32345
14655
26476
26136
20739
19632
29205
25616
3488
14141
17573
21122
4263
21899
13901
7608
19008
17221
670
1329
29026
23645
25603
1165
19382
17335
20774
10348
31305
28956
9498
20264
23946
8126
12211
4314
24680
20891
6972
7996
13947
30990
5208
21285
9205
26063
12032
25942
10634
18903
164
18554
28429
30182
29311
7605
1282
1653
29117
13634
11286
27767
5467
11844
30217
27681
29817
13969
6172
32140
7488
31042
4212
18092
21796
18465
30790
31398
19712
19745
20531
30760
6278
17861
5490
12427
9794
20305
31280
9463
27616
17349
21626
8536
17815
22977
18119
23743
9249
6086
27926
23720
19897
12284
1861
26316
24678
26840
25563
18778
17916
11293
23626
192
22349
1738
25962
14596
28732
6776
21664
28482
32754
4764
28324
30272
2588
28578
10451
25318
28784
25919
3829
7371
19
4194
19815
17556
2967
7257
22101
30158
11881
214
26051
26868
442
3728
12712
3730
6340
1156
4525
31983
26355
235
411
6382
20743
9535
21490
14886
17239
1934
14865
13275
8360
8867
12200
27991
8001
29541
30311
29577
20276
6438
17498
30525
21131
24331
22103
29073
30656
24735
26485
15819
29106
4810
12178
14080
31389
1063
12941
30402
31016
26803
25020
102
22611
19166
20493
7315
9738
4361
31163
5549
15104
4935
13613
9125
16091
12387
23651
26522
21740
2251
18295
30866
23586
24661
1211
15261
31893
19728
1292
651
8325
10717
9530
8691
23290
28115
17748
18674
14609
9468
10728
18611
5583
19
3047
7739
23369
17974
5034
8848
16049
26237
16833
29939
13604
21760
6743
24474
32110
27673
32246
23072
31387
26836
19412
2563
23011
25905
11818
25638
12928
11681
13978
19976
10096
25793
19001
32647
31970
3596
26848
2138
21921
19503
9813
18674
13612
24198
25503
28758
7819
15346
4472
4302
30456
17296
23398
8511
28362
11461
19707
29807
10328
23784
3353
26130
12353
32291
14874
7752
7039
19430
30833
32354
28860
28192
4029
19472
23424
25132
26349
3497
32005
3498
14269
6364
7911
31840
12880
9510
27335
20335
2037
26582
8677
25115
1188
23504
19696
24245
29416
28660
9798
28376
21872
20223
22489
10368
29088
29890
30703
32670
7817
23719
4277
6470
21963
5749
3188
10774
18835
32648
22231
26493
29834
15438
18631
15507
25064
19165
6381
11680
3747
29805
14214
30806
27228
20302
4283
26276
9478
16127
27970
15696
30703
10340
18464
12291
6376
15049
2009
21777
31195
18543
29107
13873
21430
346
24127
31492
31938
12795
22732
23440
21033
12767
22712
21521
18565
19879
19042
9086
12250
8334
26928
23122
29916
13068
4849
7873
12684
26557
18789
10712
18943
1885
32170
20513
18029
15104
13126
15378
26255
28147
29427
27533
10497
8021
14329
25560
7579
27521
4057
6587
30259
17632
25267
29626
17987
2014
653
11753
23004
5951
19775
374
31998
15264
7042
650
25525
6360
16847
14756
17788
23646
21337
13382
2563
26935
14754
28760
19271
9564
18742
31360
3564
2941
30854
25464
24326
10319
5402
7213
31150
7063
26896
8709
6118
8531
2111
25103
20715
5238
22233
20900
30067
30221
1765
18194
3873
17252
1896
31530
1408
18242
27244
23460
2683
7278
13522
8
13858
6989
24475
28388
26686
27619
13698
5740
4470
28366
9701
26646
3538
26409
28859
17355
32562
16101
14861
22523
22404
7749
17961
14324
32347
10287
9917
17399
17974
7963
14141
16468
19176
23447
14011
21780
9802
25255
30794
18797
18988
19934
16961
16047
32610
3879
32489
10124
4225
1654
23816
16640
30843
21380
4465
17930
17750
9585
19428
27510
13480
1066
3604
23727
984
1046
25482
2043
29691
31535
19722
668
25950
15683
6687
6486
28942
2027
2556
7730
1524
32291
11329
3973
7800
4287
1055
17481
20646
19406
29099
8816
31101
12907
6590
8225
983
19355
26499
25883
21965
2565
29554
22674
2558
13977
5023
24062
23187
2183
30703
4010
2599
8333
10804
17376
24233
22579
15514
20295
18053
17993
5586
12467
21363
25105
25447
8943
2187
